Dynamical matrix file
                                                                           
  2    2  0 12.2150000  0.0000000  0.0000000  0.0000000  0.0000000  0.0000000
Basis vectors
     -0.500000000    0.000000000    0.500000000
      0.000000000    0.500000000    0.500000000
     -0.500000000    0.500000000    0.000000000
           1  'Pb  '    188842.132527386     
           2  'Te  '    116300.285296078     
    1    1      0.0000000000      0.0000000000      0.0000000000
    2    2      0.5000000000      0.5000000000      0.5000000000

     Dynamical  Matrix in cartesian axes

     q = (    0.750000000  -0.250000000   0.750000000 ) 

    1    1
  0.05841992  0.00000000   -0.01561683  0.00000000    0.01739783  0.00000000
 -0.01561683  0.00000000    0.05833340  0.00000000   -0.01561683  0.00000000
  0.01739783  0.00000000   -0.01561683  0.00000000    0.05841992  0.00000000
    1    2
 -0.02256796  0.02256796   -0.00026372  0.00026372   -0.00449720  0.00449720
  0.00212819 -0.00212819    0.01922499 -0.01922499    0.00212819 -0.00212819
 -0.00449720  0.00449720   -0.00026372  0.00026372   -0.02256796  0.02256796
    2    1
 -0.02256796 -0.02256796    0.00212819  0.00212819   -0.00449720 -0.00449720
 -0.00026372 -0.00026372    0.01922499  0.01922499   -0.00026372 -0.00026372
 -0.00449720 -0.00449720    0.00212819  0.00212819   -0.02256796 -0.02256796
    2    2
  0.07491527  0.00000000   -0.00627145  0.00000000    0.00711304  0.00000000
 -0.00627145  0.00000000    0.07644084  0.00000000   -0.00627145  0.00000000
  0.00711304  0.00000000   -0.00627145  0.00000000    0.07491527  0.00000000

     Dynamical  Matrix in cartesian axes

     q = (    0.750000000  -0.250000000  -0.750000000 ) 

    1    1
  0.05841992  0.00000000   -0.01561683  0.00000000   -0.01739783  0.00000000
 -0.01561683  0.00000000    0.05833340  0.00000000    0.01561683  0.00000000
 -0.01739783  0.00000000    0.01561683  0.00000000    0.05841992  0.00000000
    1    2
  0.02256796  0.02256796    0.00026372  0.00026372   -0.00449720 -0.00449720
 -0.00212819 -0.00212819   -0.01922499 -0.01922499    0.00212819  0.00212819
 -0.00449720 -0.00449720   -0.00026372 -0.00026372    0.02256796  0.02256796
    2    1
  0.02256796 -0.02256796   -0.00212819  0.00212819   -0.00449720  0.00449720
  0.00026372 -0.00026372   -0.01922499  0.01922499   -0.00026372  0.00026372
 -0.00449720  0.00449720    0.00212819 -0.00212819    0.02256796 -0.02256796
    2    2
  0.07491527  0.00000000   -0.00627145  0.00000000   -0.00711304  0.00000000
 -0.00627145  0.00000000    0.07644084  0.00000000    0.00627145  0.00000000
 -0.00711304  0.00000000    0.00627145  0.00000000    0.07491527  0.00000000

     Dynamical  Matrix in cartesian axes

     q = (   -0.750000000  -0.250000000  -0.750000000 ) 

    1    1
  0.05841992  0.00000000    0.01561683  0.00000000    0.01739783  0.00000000
  0.01561683  0.00000000    0.05833340  0.00000000    0.01561683  0.00000000
  0.01739783  0.00000000    0.01561683  0.00000000    0.05841992  0.00000000
    1    2
  0.02256796 -0.02256796   -0.00026372  0.00026372    0.00449720 -0.00449720
  0.00212819 -0.00212819   -0.01922499  0.01922499    0.00212819 -0.00212819
  0.00449720 -0.00449720   -0.00026372  0.00026372    0.02256796 -0.02256796
    2    1
  0.02256796  0.02256796    0.00212819  0.00212819    0.00449720  0.00449720
 -0.00026372 -0.00026372   -0.01922499 -0.01922499   -0.00026372 -0.00026372
  0.00449720  0.00449720    0.00212819  0.00212819    0.02256796  0.02256796
    2    2
  0.07491527  0.00000000    0.00627145  0.00000000    0.00711304  0.00000000
  0.00627145  0.00000000    0.07644084  0.00000000    0.00627145  0.00000000
  0.00711304  0.00000000    0.00627145  0.00000000    0.07491527  0.00000000

     Dynamical  Matrix in cartesian axes

     q = (   -0.750000000  -0.250000000   0.750000000 ) 

    1    1
  0.05841992  0.00000000    0.01561683  0.00000000   -0.01739783  0.00000000
  0.01561683  0.00000000    0.05833340  0.00000000   -0.01561683  0.00000000
 -0.01739783  0.00000000   -0.01561683  0.00000000    0.05841992  0.00000000
    1    2
  0.02256796  0.02256796   -0.00026372 -0.00026372   -0.00449720 -0.00449720
  0.00212819  0.00212819   -0.01922499 -0.01922499   -0.00212819 -0.00212819
 -0.00449720 -0.00449720    0.00026372  0.00026372    0.02256796  0.02256796
    2    1
  0.02256796 -0.02256796    0.00212819 -0.00212819   -0.00449720  0.00449720
 -0.00026372  0.00026372   -0.01922499  0.01922499    0.00026372 -0.00026372
 -0.00449720  0.00449720   -0.00212819  0.00212819    0.02256796 -0.02256796
    2    2
  0.07491527  0.00000000    0.00627145  0.00000000   -0.00711304  0.00000000
  0.00627145  0.00000000    0.07644084  0.00000000   -0.00627145  0.00000000
 -0.00711304  0.00000000   -0.00627145  0.00000000    0.07491527  0.00000000

     Dynamical  Matrix in cartesian axes

     q = (   -0.750000000   0.250000000  -0.750000000 ) 

    1    1
  0.05841992  0.00000000   -0.01561683  0.00000000    0.01739783  0.00000000
 -0.01561683  0.00000000    0.05833340  0.00000000   -0.01561683  0.00000000
  0.01739783  0.00000000   -0.01561683  0.00000000    0.05841992  0.00000000
    1    2
 -0.02256796 -0.02256796   -0.00026372 -0.00026372   -0.00449720 -0.00449720
  0.00212819  0.00212819    0.01922499  0.01922499    0.00212819  0.00212819
 -0.00449720 -0.00449720   -0.00026372 -0.00026372   -0.02256796 -0.02256796
    2    1
 -0.02256796  0.02256796    0.00212819 -0.00212819   -0.00449720  0.00449720
 -0.00026372  0.00026372    0.01922499 -0.01922499   -0.00026372  0.00026372
 -0.00449720  0.00449720    0.00212819 -0.00212819   -0.02256796  0.02256796
    2    2
  0.07491527  0.00000000   -0.00627145  0.00000000    0.00711304  0.00000000
 -0.00627145  0.00000000    0.07644084  0.00000000   -0.00627145  0.00000000
  0.00711304  0.00000000   -0.00627145  0.00000000    0.07491527  0.00000000

     Dynamical  Matrix in cartesian axes

     q = (   -0.250000000   0.750000000  -0.750000000 ) 

    1    1
  0.05833340  0.00000000   -0.01561683  0.00000000    0.01561683  0.00000000
 -0.01561683  0.00000000    0.05841992  0.00000000   -0.01739783  0.00000000
  0.01561683  0.00000000   -0.01739783  0.00000000    0.05841992  0.00000000
    1    2
 -0.01922499 -0.01922499   -0.00212819 -0.00212819    0.00212819  0.00212819
  0.00026372  0.00026372    0.02256796  0.02256796   -0.00449720 -0.00449720
 -0.00026372 -0.00026372   -0.00449720 -0.00449720    0.02256796  0.02256796
    2    1
 -0.01922499  0.01922499    0.00026372 -0.00026372   -0.00026372  0.00026372
 -0.00212819  0.00212819    0.02256796 -0.02256796   -0.00449720  0.00449720
  0.00212819 -0.00212819   -0.00449720  0.00449720    0.02256796 -0.02256796
    2    2
  0.07644084  0.00000000   -0.00627145  0.00000000    0.00627145  0.00000000
 -0.00627145  0.00000000    0.07491527  0.00000000   -0.00711304  0.00000000
  0.00627145  0.00000000   -0.00711304  0.00000000    0.07491527  0.00000000

     Dynamical  Matrix in cartesian axes

     q = (   -0.750000000   0.750000000  -0.250000000 ) 

    1    1
  0.05841992  0.00000000   -0.01739783  0.00000000    0.01561683  0.00000000
 -0.01739783  0.00000000    0.05841992  0.00000000   -0.01561683  0.00000000
  0.01561683  0.00000000   -0.01561683  0.00000000    0.05833340  0.00000000
    1    2
  0.02256796  0.02256796   -0.00449720 -0.00449720   -0.00026372 -0.00026372
 -0.00449720 -0.00449720    0.02256796  0.02256796    0.00026372  0.00026372
  0.00212819  0.00212819   -0.00212819 -0.00212819   -0.01922499 -0.01922499
    2    1
  0.02256796 -0.02256796   -0.00449720  0.00449720    0.00212819 -0.00212819
 -0.00449720  0.00449720    0.02256796 -0.02256796   -0.00212819  0.00212819
 -0.00026372  0.00026372    0.00026372 -0.00026372   -0.01922499  0.01922499
    2    2
  0.07491527  0.00000000   -0.00711304  0.00000000    0.00627145  0.00000000
 -0.00711304  0.00000000    0.07491527  0.00000000   -0.00627145  0.00000000
  0.00627145  0.00000000   -0.00627145  0.00000000    0.07644084  0.00000000

     Dynamical  Matrix in cartesian axes

     q = (    0.750000000   0.250000000   0.750000000 ) 

    1    1
  0.05841992  0.00000000    0.01561683  0.00000000    0.01739783  0.00000000
  0.01561683  0.00000000    0.05833340  0.00000000    0.01561683  0.00000000
  0.01739783  0.00000000    0.01561683  0.00000000    0.05841992  0.00000000
    1    2
  0.02256796  0.02256796   -0.00026372 -0.00026372    0.00449720  0.00449720
  0.00212819  0.00212819   -0.01922499 -0.01922499    0.00212819  0.00212819
  0.00449720  0.00449720   -0.00026372 -0.00026372    0.02256796  0.02256796
    2    1
  0.02256796 -0.02256796    0.00212819 -0.00212819    0.00449720 -0.00449720
 -0.00026372  0.00026372   -0.01922499  0.01922499   -0.00026372  0.00026372
  0.00449720 -0.00449720    0.00212819 -0.00212819    0.02256796 -0.02256796
    2    2
  0.07491527  0.00000000    0.00627145  0.00000000    0.00711304  0.00000000
  0.00627145  0.00000000    0.07644084  0.00000000    0.00627145  0.00000000
  0.00711304  0.00000000    0.00627145  0.00000000    0.07491527  0.00000000

     Dynamical  Matrix in cartesian axes

     q = (   -0.750000000   0.250000000   0.750000000 ) 

    1    1
  0.05841992  0.00000000   -0.01561683  0.00000000   -0.01739783  0.00000000
 -0.01561683  0.00000000    0.05833340  0.00000000    0.01561683  0.00000000
 -0.01739783  0.00000000    0.01561683  0.00000000    0.05841992  0.00000000
    1    2
  0.02256796 -0.02256796    0.00026372 -0.00026372   -0.00449720  0.00449720
 -0.00212819  0.00212819   -0.01922499  0.01922499    0.00212819 -0.00212819
 -0.00449720  0.00449720   -0.00026372  0.00026372    0.02256796 -0.02256796
    2    1
  0.02256796  0.02256796   -0.00212819 -0.00212819   -0.00449720 -0.00449720
  0.00026372  0.00026372   -0.01922499 -0.01922499   -0.00026372 -0.00026372
 -0.00449720 -0.00449720    0.00212819  0.00212819    0.02256796  0.02256796
    2    2
  0.07491527  0.00000000   -0.00627145  0.00000000   -0.00711304  0.00000000
 -0.00627145  0.00000000    0.07644084  0.00000000    0.00627145  0.00000000
 -0.00711304  0.00000000    0.00627145  0.00000000    0.07491527  0.00000000

     Dynamical  Matrix in cartesian axes

     q = (    0.750000000   0.250000000  -0.750000000 ) 

    1    1
  0.05841992  0.00000000    0.01561683  0.00000000   -0.01739783  0.00000000
  0.01561683  0.00000000    0.05833340  0.00000000   -0.01561683  0.00000000
 -0.01739783  0.00000000   -0.01561683  0.00000000    0.05841992  0.00000000
    1    2
  0.02256796 -0.02256796   -0.00026372  0.00026372   -0.00449720  0.00449720
  0.00212819 -0.00212819   -0.01922499  0.01922499   -0.00212819  0.00212819
 -0.00449720  0.00449720    0.00026372 -0.00026372    0.02256796 -0.02256796
    2    1
  0.02256796  0.02256796    0.00212819  0.00212819   -0.00449720 -0.00449720
 -0.00026372 -0.00026372   -0.01922499 -0.01922499    0.00026372  0.00026372
 -0.00449720 -0.00449720   -0.00212819 -0.00212819    0.02256796  0.02256796
    2    2
  0.07491527  0.00000000    0.00627145  0.00000000   -0.00711304  0.00000000
  0.00627145  0.00000000    0.07644084  0.00000000   -0.00627145  0.00000000
 -0.00711304  0.00000000   -0.00627145  0.00000000    0.07491527  0.00000000

     Dynamical  Matrix in cartesian axes

     q = (   -0.750000000   0.750000000   0.250000000 ) 

    1    1
  0.05841992  0.00000000   -0.01739783  0.00000000   -0.01561683  0.00000000
 -0.01739783  0.00000000    0.05841992  0.00000000    0.01561683  0.00000000
 -0.01561683  0.00000000    0.01561683  0.00000000    0.05833340  0.00000000
    1    2
  0.02256796 -0.02256796   -0.00449720  0.00449720    0.00026372 -0.00026372
 -0.00449720  0.00449720    0.02256796 -0.02256796   -0.00026372  0.00026372
 -0.00212819  0.00212819    0.00212819 -0.00212819   -0.01922499  0.01922499
    2    1
  0.02256796  0.02256796   -0.00449720 -0.00449720   -0.00212819 -0.00212819
 -0.00449720 -0.00449720    0.02256796  0.02256796    0.00212819  0.00212819
  0.00026372  0.00026372   -0.00026372 -0.00026372   -0.01922499 -0.01922499
    2    2
  0.07491527  0.00000000   -0.00711304  0.00000000   -0.00627145  0.00000000
 -0.00711304  0.00000000    0.07491527  0.00000000    0.00627145  0.00000000
 -0.00627145  0.00000000    0.00627145  0.00000000    0.07644084  0.00000000

     Dynamical  Matrix in cartesian axes

     q = (   -0.250000000   0.750000000   0.750000000 ) 

    1    1
  0.05833340  0.00000000   -0.01561683  0.00000000   -0.01561683  0.00000000
 -0.01561683  0.00000000    0.05841992  0.00000000    0.01739783  0.00000000
 -0.01561683  0.00000000    0.01739783  0.00000000    0.05841992  0.00000000
    1    2
  0.01922499 -0.01922499    0.00212819 -0.00212819    0.00212819 -0.00212819
 -0.00026372  0.00026372   -0.02256796  0.02256796   -0.00449720  0.00449720
 -0.00026372  0.00026372   -0.00449720  0.00449720   -0.02256796  0.02256796
    2    1
  0.01922499  0.01922499   -0.00026372 -0.00026372   -0.00026372 -0.00026372
  0.00212819  0.00212819   -0.02256796 -0.02256796   -0.00449720 -0.00449720
  0.00212819  0.00212819   -0.00449720 -0.00449720   -0.02256796 -0.02256796
    2    2
  0.07644084  0.00000000   -0.00627145  0.00000000   -0.00627145  0.00000000
 -0.00627145  0.00000000    0.07491527  0.00000000    0.00711304  0.00000000
 -0.00627145  0.00000000    0.00711304  0.00000000    0.07491527  0.00000000

     Dynamical  Matrix in cartesian axes

     q = (    0.250000000   0.750000000  -0.750000000 ) 

    1    1
  0.05833340  0.00000000    0.01561683  0.00000000   -0.01561683  0.00000000
  0.01561683  0.00000000    0.05841992  0.00000000   -0.01739783  0.00000000
 -0.01561683  0.00000000   -0.01739783  0.00000000    0.05841992  0.00000000
    1    2
 -0.01922499  0.01922499    0.00212819 -0.00212819   -0.00212819  0.00212819
 -0.00026372  0.00026372    0.02256796 -0.02256796   -0.00449720  0.00449720
  0.00026372 -0.00026372   -0.00449720  0.00449720    0.02256796 -0.02256796
    2    1
 -0.01922499 -0.01922499   -0.00026372 -0.00026372    0.00026372  0.00026372
  0.00212819  0.00212819    0.02256796  0.02256796   -0.00449720 -0.00449720
 -0.00212819 -0.00212819   -0.00449720 -0.00449720    0.02256796  0.02256796
    2    2
  0.07644084  0.00000000    0.00627145  0.00000000   -0.00627145  0.00000000
  0.00627145  0.00000000    0.07491527  0.00000000   -0.00711304  0.00000000
 -0.00627145  0.00000000   -0.00711304  0.00000000    0.07491527  0.00000000

     Dynamical  Matrix in cartesian axes

     q = (   -0.250000000  -0.750000000  -0.750000000 ) 

    1    1
  0.05833340  0.00000000    0.01561683  0.00000000    0.01561683  0.00000000
  0.01561683  0.00000000    0.05841992  0.00000000    0.01739783  0.00000000
  0.01561683  0.00000000    0.01739783  0.00000000    0.05841992  0.00000000
    1    2
 -0.01922499  0.01922499    0.00212819 -0.00212819    0.00212819 -0.00212819
 -0.00026372  0.00026372    0.02256796 -0.02256796    0.00449720 -0.00449720
 -0.00026372  0.00026372    0.00449720 -0.00449720    0.02256796 -0.02256796
    2    1
 -0.01922499 -0.01922499   -0.00026372 -0.00026372   -0.00026372 -0.00026372
  0.00212819  0.00212819    0.02256796  0.02256796    0.00449720  0.00449720
  0.00212819  0.00212819    0.00449720  0.00449720    0.02256796  0.02256796
    2    2
  0.07644084  0.00000000    0.00627145  0.00000000    0.00627145  0.00000000
  0.00627145  0.00000000    0.07491527  0.00000000    0.00711304  0.00000000
  0.00627145  0.00000000    0.00711304  0.00000000    0.07491527  0.00000000

     Dynamical  Matrix in cartesian axes

     q = (    0.750000000   0.750000000  -0.250000000 ) 

    1    1
  0.05841992  0.00000000    0.01739783  0.00000000   -0.01561683  0.00000000
  0.01739783  0.00000000    0.05841992  0.00000000   -0.01561683  0.00000000
 -0.01561683  0.00000000   -0.01561683  0.00000000    0.05833340  0.00000000
    1    2
 -0.02256796  0.02256796   -0.00449720  0.00449720   -0.00026372  0.00026372
 -0.00449720  0.00449720   -0.02256796  0.02256796   -0.00026372  0.00026372
  0.00212819 -0.00212819    0.00212819 -0.00212819    0.01922499 -0.01922499
    2    1
 -0.02256796 -0.02256796   -0.00449720 -0.00449720    0.00212819  0.00212819
 -0.00449720 -0.00449720   -0.02256796 -0.02256796    0.00212819  0.00212819
 -0.00026372 -0.00026372   -0.00026372 -0.00026372    0.01922499  0.01922499
    2    2
  0.07491527  0.00000000    0.00711304  0.00000000   -0.00627145  0.00000000
  0.00711304  0.00000000    0.07491527  0.00000000   -0.00627145  0.00000000
 -0.00627145  0.00000000   -0.00627145  0.00000000    0.07644084  0.00000000

     Dynamical  Matrix in cartesian axes

     q = (    0.750000000  -0.750000000   0.250000000 ) 

    1    1
  0.05841992  0.00000000   -0.01739783  0.00000000    0.01561683  0.00000000
 -0.01739783  0.00000000    0.05841992  0.00000000   -0.01561683  0.00000000
  0.01561683  0.00000000   -0.01561683  0.00000000    0.05833340  0.00000000
    1    2
  0.02256796 -0.02256796   -0.00449720  0.00449720   -0.00026372  0.00026372
 -0.00449720  0.00449720    0.02256796 -0.02256796    0.00026372 -0.00026372
  0.00212819 -0.00212819   -0.00212819  0.00212819   -0.01922499  0.01922499
    2    1
  0.02256796  0.02256796   -0.00449720 -0.00449720    0.00212819  0.00212819
 -0.00449720 -0.00449720    0.02256796  0.02256796   -0.00212819 -0.00212819
 -0.00026372 -0.00026372    0.00026372  0.00026372   -0.01922499 -0.01922499
    2    2
  0.07491527  0.00000000   -0.00711304  0.00000000    0.00627145  0.00000000
 -0.00711304  0.00000000    0.07491527  0.00000000   -0.00627145  0.00000000
  0.00627145  0.00000000   -0.00627145  0.00000000    0.07644084  0.00000000

     Dynamical  Matrix in cartesian axes

     q = (   -0.750000000  -0.750000000  -0.250000000 ) 

    1    1
  0.05841992  0.00000000    0.01739783  0.00000000    0.01561683  0.00000000
  0.01739783  0.00000000    0.05841992  0.00000000    0.01561683  0.00000000
  0.01561683  0.00000000    0.01561683  0.00000000    0.05833340  0.00000000
    1    2
  0.02256796 -0.02256796    0.00449720 -0.00449720   -0.00026372  0.00026372
  0.00449720 -0.00449720    0.02256796 -0.02256796   -0.00026372  0.00026372
  0.00212819 -0.00212819    0.00212819 -0.00212819   -0.01922499  0.01922499
    2    1
  0.02256796  0.02256796    0.00449720  0.00449720    0.00212819  0.00212819
  0.00449720  0.00449720    0.02256796  0.02256796    0.00212819  0.00212819
 -0.00026372 -0.00026372   -0.00026372 -0.00026372   -0.01922499 -0.01922499
    2    2
  0.07491527  0.00000000    0.00711304  0.00000000    0.00627145  0.00000000
  0.00711304  0.00000000    0.07491527  0.00000000    0.00627145  0.00000000
  0.00627145  0.00000000    0.00627145  0.00000000    0.07644084  0.00000000

     Dynamical  Matrix in cartesian axes

     q = (    0.250000000  -0.750000000   0.750000000 ) 

    1    1
  0.05833340  0.00000000   -0.01561683  0.00000000    0.01561683  0.00000000
 -0.01561683  0.00000000    0.05841992  0.00000000   -0.01739783  0.00000000
  0.01561683  0.00000000   -0.01739783  0.00000000    0.05841992  0.00000000
    1    2
 -0.01922499  0.01922499   -0.00212819  0.00212819    0.00212819 -0.00212819
  0.00026372 -0.00026372    0.02256796 -0.02256796   -0.00449720  0.00449720
 -0.00026372  0.00026372   -0.00449720  0.00449720    0.02256796 -0.02256796
    2    1
 -0.01922499 -0.01922499    0.00026372  0.00026372   -0.00026372 -0.00026372
 -0.00212819 -0.00212819    0.02256796  0.02256796   -0.00449720 -0.00449720
  0.00212819  0.00212819   -0.00449720 -0.00449720    0.02256796  0.02256796
    2    2
  0.07644084  0.00000000   -0.00627145  0.00000000    0.00627145  0.00000000
 -0.00627145  0.00000000    0.07491527  0.00000000   -0.00711304  0.00000000
  0.00627145  0.00000000   -0.00711304  0.00000000    0.07491527  0.00000000

     Dynamical  Matrix in cartesian axes

     q = (   -0.750000000  -0.750000000   0.250000000 ) 

    1    1
  0.05841992  0.00000000    0.01739783  0.00000000   -0.01561683  0.00000000
  0.01739783  0.00000000    0.05841992  0.00000000   -0.01561683  0.00000000
 -0.01561683  0.00000000   -0.01561683  0.00000000    0.05833340  0.00000000
    1    2
 -0.02256796 -0.02256796   -0.00449720 -0.00449720   -0.00026372 -0.00026372
 -0.00449720 -0.00449720   -0.02256796 -0.02256796   -0.00026372 -0.00026372
  0.00212819  0.00212819    0.00212819  0.00212819    0.01922499  0.01922499
    2    1
 -0.02256796  0.02256796   -0.00449720  0.00449720    0.00212819 -0.00212819
 -0.00449720  0.00449720   -0.02256796  0.02256796    0.00212819 -0.00212819
 -0.00026372  0.00026372   -0.00026372  0.00026372    0.01922499 -0.01922499
    2    2
  0.07491527  0.00000000    0.00711304  0.00000000   -0.00627145  0.00000000
  0.00711304  0.00000000    0.07491527  0.00000000   -0.00627145  0.00000000
 -0.00627145  0.00000000   -0.00627145  0.00000000    0.07644084  0.00000000

     Dynamical  Matrix in cartesian axes

     q = (    0.250000000   0.750000000   0.750000000 ) 

    1    1
  0.05833340  0.00000000    0.01561683  0.00000000    0.01561683  0.00000000
  0.01561683  0.00000000    0.05841992  0.00000000    0.01739783  0.00000000
  0.01561683  0.00000000    0.01739783  0.00000000    0.05841992  0.00000000
    1    2
 -0.01922499 -0.01922499    0.00212819  0.00212819    0.00212819  0.00212819
 -0.00026372 -0.00026372    0.02256796  0.02256796    0.00449720  0.00449720
 -0.00026372 -0.00026372    0.00449720  0.00449720    0.02256796  0.02256796
    2    1
 -0.01922499  0.01922499   -0.00026372  0.00026372   -0.00026372  0.00026372
  0.00212819 -0.00212819    0.02256796 -0.02256796    0.00449720 -0.00449720
  0.00212819 -0.00212819    0.00449720 -0.00449720    0.02256796 -0.02256796
    2    2
  0.07644084  0.00000000    0.00627145  0.00000000    0.00627145  0.00000000
  0.00627145  0.00000000    0.07491527  0.00000000    0.00711304  0.00000000
  0.00627145  0.00000000    0.00711304  0.00000000    0.07491527  0.00000000

     Dynamical  Matrix in cartesian axes

     q = (   -0.250000000  -0.750000000   0.750000000 ) 

    1    1
  0.05833340  0.00000000    0.01561683  0.00000000   -0.01561683  0.00000000
  0.01561683  0.00000000    0.05841992  0.00000000   -0.01739783  0.00000000
 -0.01561683  0.00000000   -0.01739783  0.00000000    0.05841992  0.00000000
    1    2
 -0.01922499 -0.01922499    0.00212819  0.00212819   -0.00212819 -0.00212819
 -0.00026372 -0.00026372    0.02256796  0.02256796   -0.00449720 -0.00449720
  0.00026372  0.00026372   -0.00449720 -0.00449720    0.02256796  0.02256796
    2    1
 -0.01922499  0.01922499   -0.00026372  0.00026372    0.00026372 -0.00026372
  0.00212819 -0.00212819    0.02256796 -0.02256796   -0.00449720  0.00449720
 -0.00212819  0.00212819   -0.00449720  0.00449720    0.02256796 -0.02256796
    2    2
  0.07644084  0.00000000    0.00627145  0.00000000   -0.00627145  0.00000000
  0.00627145  0.00000000    0.07491527  0.00000000   -0.00711304  0.00000000
 -0.00627145  0.00000000   -0.00711304  0.00000000    0.07491527  0.00000000

     Dynamical  Matrix in cartesian axes

     q = (    0.750000000   0.750000000   0.250000000 ) 

    1    1
  0.05841992  0.00000000    0.01739783  0.00000000    0.01561683  0.00000000
  0.01739783  0.00000000    0.05841992  0.00000000    0.01561683  0.00000000
  0.01561683  0.00000000    0.01561683  0.00000000    0.05833340  0.00000000
    1    2
  0.02256796  0.02256796    0.00449720  0.00449720   -0.00026372 -0.00026372
  0.00449720  0.00449720    0.02256796  0.02256796   -0.00026372 -0.00026372
  0.00212819  0.00212819    0.00212819  0.00212819   -0.01922499 -0.01922499
    2    1
  0.02256796 -0.02256796    0.00449720 -0.00449720    0.00212819 -0.00212819
  0.00449720 -0.00449720    0.02256796 -0.02256796    0.00212819 -0.00212819
 -0.00026372  0.00026372   -0.00026372  0.00026372   -0.01922499  0.01922499
    2    2
  0.07491527  0.00000000    0.00711304  0.00000000    0.00627145  0.00000000
  0.00711304  0.00000000    0.07491527  0.00000000    0.00627145  0.00000000
  0.00627145  0.00000000    0.00627145  0.00000000    0.07644084  0.00000000

     Dynamical  Matrix in cartesian axes

     q = (    0.250000000  -0.750000000  -0.750000000 ) 

    1    1
  0.05833340  0.00000000   -0.01561683  0.00000000   -0.01561683  0.00000000
 -0.01561683  0.00000000    0.05841992  0.00000000    0.01739783  0.00000000
 -0.01561683  0.00000000    0.01739783  0.00000000    0.05841992  0.00000000
    1    2
  0.01922499  0.01922499    0.00212819  0.00212819    0.00212819  0.00212819
 -0.00026372 -0.00026372   -0.02256796 -0.02256796   -0.00449720 -0.00449720
 -0.00026372 -0.00026372   -0.00449720 -0.00449720   -0.02256796 -0.02256796
    2    1
  0.01922499 -0.01922499   -0.00026372  0.00026372   -0.00026372  0.00026372
  0.00212819 -0.00212819   -0.02256796  0.02256796   -0.00449720  0.00449720
  0.00212819 -0.00212819   -0.00449720  0.00449720   -0.02256796  0.02256796
    2    2
  0.07644084  0.00000000   -0.00627145  0.00000000   -0.00627145  0.00000000
 -0.00627145  0.00000000    0.07491527  0.00000000    0.00711304  0.00000000
 -0.00627145  0.00000000    0.00711304  0.00000000    0.07491527  0.00000000

     Dynamical  Matrix in cartesian axes

     q = (    0.750000000  -0.750000000  -0.250000000 ) 

    1    1
  0.05841992  0.00000000   -0.01739783  0.00000000   -0.01561683  0.00000000
 -0.01739783  0.00000000    0.05841992  0.00000000    0.01561683  0.00000000
 -0.01561683  0.00000000    0.01561683  0.00000000    0.05833340  0.00000000
    1    2
  0.02256796  0.02256796   -0.00449720 -0.00449720    0.00026372  0.00026372
 -0.00449720 -0.00449720    0.02256796  0.02256796   -0.00026372 -0.00026372
 -0.00212819 -0.00212819    0.00212819  0.00212819   -0.01922499 -0.01922499
    2    1
  0.02256796 -0.02256796   -0.00449720  0.00449720   -0.00212819  0.00212819
 -0.00449720  0.00449720    0.02256796 -0.02256796    0.00212819 -0.00212819
  0.00026372 -0.00026372   -0.00026372  0.00026372   -0.01922499  0.01922499
    2    2
  0.07491527  0.00000000   -0.00711304  0.00000000   -0.00627145  0.00000000
 -0.00711304  0.00000000    0.07491527  0.00000000    0.00627145  0.00000000
 -0.00627145  0.00000000    0.00627145  0.00000000    0.07644084  0.00000000

     Diagonalizing the dynamical matrix

     q = (    0.750000000  -0.250000000   0.750000000 ) 

 **************************************************************************
     freq (    1) =       1.268825 [THz] =      42.323440 [cm-1]
 (  0.446132 -0.446132  0.000000  0.000000 -0.446132  0.446132 ) 
 (  0.319268  0.000000 -0.000000 -0.000000 -0.319268  0.000000 ) 
     freq (    2) =       1.334857 [THz] =      44.526046 [cm-1]
 ( -0.286325  0.286325 -0.508782  0.508782 -0.286325  0.286325 ) 
 ( -0.182495 -0.000000  0.296220  0.000000 -0.182495  0.000000 ) 
     freq (    3) =       1.777341 [THz] =      59.285706 [cm-1]
 ( -0.276602  0.276602  0.323811 -0.323811 -0.276602  0.276602 ) 
 ( -0.394338  0.000000 -0.416237  0.000000 -0.394338  0.000000 ) 
     freq (    4) =       2.655360 [THz] =      88.573290 [cm-1]
 (  0.148765 -0.148765 -0.000000  0.000000 -0.148765  0.148765 ) 
 ( -0.675084  0.000000 -0.000000  0.000000  0.675084  0.000000 ) 
     freq (    5) =       2.834393 [THz] =      94.545162 [cm-1]
 (  0.090754 -0.090754 -0.252143  0.252143  0.090754 -0.090754 ) 
 ( -0.061420  0.000000 -0.912337  0.000000 -0.061420  0.000000 ) 
     freq (    6) =       3.075932 [THz] =     102.602034 [cm-1]
 ( -0.195754  0.195754  0.038118 -0.038118 -0.195754  0.195754 ) 
 (  0.626021  0.000000 -0.244973  0.000000  0.626021  0.000000 ) 
 **************************************************************************
